60
26
57
11
178
33
324
125
227
12
400
179
52
40
27
824
34
171
47
28
70
21
227
70
25
53
266
443
25
95
11
85
136
810
5
21
78
182
624
15
35
47
354
9
16
45
207
92
43
36
101
6
6
139
456
249
9
25
88
127
261
62
67
99
79
323
332
43
386
48
18
49
91
140
148
153
376
11
28
142
53
16
28
7
478
267
335
80
16
10
191
16
99
15
8
68
129
25
4
141
65
19
101
198
25
286
201
190
141
5
317
83
437
90
18
51
44
267
188
424
53
48
33
19
233
16
107
192
51
4
231
127
151
335
63
47
13
27
22
494
34
8
262
74
26
54
234
141
4
80
5
239
146
228
127
2
190
98
261
416
186
36
185
401
305
234
13
669
96
210
93
284
89
36
72
418
68
51
17
145
84
503
75
5
290
204
655
33
14
28
15
44
7
64
8
24
111
38
38
40
253
132
15
67
5
161
791
615
12
197
383
286
17
199
38
34
109
149
65
368
22
12
17
9
27
11
53
178
22
115
30
128
4
166
24
146
53
5
190
135
158
381
15
353
376
71
37
23
63
80
32
233
363
111
4
101
5
18
36
115
449
103
60
30
18
411
19
69
98
135
21
33
122
279
358
96
402
10
69
114
113
32
153
111
196
312
16
9
55
85
41
20
27
48
128
188
39
8
125
209
25
12
44
13
118
8
159
102
136
38
51
28
212
36
116
200
105
309
54
154
87
406
376
157
44
77
25
52
106
33
122
619
134
350
99
1
70
109
143
34
67
134
22
15
214
82
103
16
64
13
325
47
263
502
11
51
393
18
8
57
318
80
18
48
287
119
155
46
24
72
133
123
121
32
175
11
156
411
119
76
57
34
248
391
145
131
110
7
2
157
279
210
274
209
251
395
90
121
27
447
22
414
9
109
7
36
197
334
46
156
161
133
35
290
188
0
78
101
291
27
72
287
61
52
298
6
235
22
31
180
79
127
3
22
116
238
99
36
360
230
2
12
253
79
87
133
167
30
79
22
48
68
128
44
58
237
223
171
47
14
45
7
50
339
15
47
23
20
82
13
149
324
54
8
360
174
196
15
6
87
57
43
100
38
100
133
25
34
53
271
178
12
44
23
197
38
360
36
315
34
219
94
192
261
31
419
322
12
154
233
26
215
207
194
7
30
87
256
63
561
17
418
24
130
152
331
53
58
220
57
392
42
79
236
0
570
178
481
43
83
67
285
19
12
186
277
76
55
60
260
79
74
60
87
118
155
317
113
217
10
139
208
155
193
123
70
32
64
51
305
54
169
5
17
10
460
23
8
116
41
61
1
31
143
70
56
181
439
14
17
41
134
56
176
202
285
110
48
81
37
221
20
152
142
45
55
14
16
0
15
303
75
129
78
16
22
77
47
2
70
343
521
35
168
46
243
170
89
296
2
69
107
29
99
108
31
185
313
89
37
201
66
30
40
7
184
17
75
197
221
362
21
14
239
62
68
50
34
102
20
246
149
530
104
102
181
343
84
9
408
11
38
157
373
16
2
50
93
37
11
70
7
639
98
8
281
41
53
51
20
64
12
384
16
373
168
32
161
22
25
295
159
316
91
79
38
374
119
24
71
244
146
3
109
319
235
41
23
2
311
70
42
140
7
22
34
106
150
120
10
102
5
137
282
255
254
466
272
15
5
367
47
101
48
12
9
107
131
69
369
14
3
48
216
128
65
43
149
385
33
275
78
5
18
50
165
545
154
67
61
283
45
19
123
23
493
261
46
7
319
17
311
27
543
159
78
14
57
6
147
174
156
24
290
11
23
133
4
208
109
63
118
180
27
277
414
295
65
396
239
54
203
0
31
20
506
26
50
175
21
44
53
167
117
30
231
264
17
175
38
62
61
104
11
68
9
38
146
260
173
56
165
13
115
149
345
98
62
8
238
11
27
133
276
49
46
225
118
161
18
72
177
5
278
5
49
53
48
110
399
112
20
85
123
58
111
363
11
135
53
156
504
18
87
5
315
302
236
8
39
480
175
39
197
23
242
109
55
8
129
200
245
9
140
373
547
110
313
268
15
316
121
7
36
102
15
132
71
104
16
516
38
95
76
11
128
174
374
277
631
280
368
62
156
89
16
169
672
14
180
530
54
246
64
37
35
59
23
417
53
39
2
527
42
77
75
7
47
257
70
596
561
12
130
5
18
157
154
17
98
93
328
95
33
198
181
216
10
645
140
67
437
135
30
369
172
3
117
256
279
238
228
216
117
235
27
24
18
211
86
33
48
150
371
151
21
185
199
3
389
33
19
62
112
33
4
54
75
49
55
21
71
355
63
349
80
175
128
18
66
152
23
27
40
256
25
19
12
38
305
135
42
19
9
242
5
119
13
1
65
168
89
35
53
50
25
17
108
68
51
43
254
316
8
13
12
170
26
41
174
75
44
17
6
16
122
32
60
24
129
11
72
126
77
360
232
9
126
223
165
230
102
43
163
242
81
53
142
75
16
68
7
29
38
158
4
20
48
109
234
415
100
86
131
455
33
191
212
25
132
254
95
143
102
54
59
195
114
12
347
54
683
390
55
36
10
141
78
71
9
29
187
73
102
483
489
91
14
16
133
25
107
231
99
309
142
336
7
154
216
375
173
69
708
103
31
167
63
23
37
551
161
4
181
66
12
135
33
128
93
133
33
171
75
201
8
67
552
42
59
50
22
296
171
18
150
341
7
188
116
43
129
109
392
136
346
44
108
21
243
186
31
126
30
127
123
168
59
33
17
23
6
31
35
172
22
19
4
49
78
69
677
106
278
33
274
13
255
176
180
15
22
41
325
33
2
151
105
96
13
87
60
5
97
156
212
93
49
201
3
52
14
288
35
119
575
140
368
50
7
92
155
76
22
236
187
80
131
131
33
26
29
9
214
369
157
281
66
20
186
22
44
260
147
135
19
353
254
10
14
101
40
45
324
10
146
82
132
215
125
8
41
59
24
133
123
46
2
156
9
3
51
29
162
28
86
152
17
121
240
23
1
114
232
2
16
341
32
4
240
98
316
40
171
79
118
74
14
46
36
2
99
117
8
724
353
147
73
194
242
51
7
79
111
378
512
2
0
341
167
114
74
39
36
425
25
189
364
178
22
434
62
117
11
254
37
24
1
31
415
111
6
14
59
125
4
30
9
123
30
567
128
41
147
208
27
222
143
321
16
223
57
106
186
59
569
80
248
78
19
7
231
63
214
0
428
237
100
169
40
153
107
8
97
229
39
42
432
166
73
47
35
2
11
60
11
279
11
352
55
35
18
132
86
37
10
123
39
12
2
30
241
226
61
35
26
211
36
28
55
420
133
86
42
35
18
299
70
22
196
58
21
72
109
187
43
89
139
86
111
158
59
11
48
235
84
6
7
109
29
404
243
169
184
1
157
58
185
40
334
377
299
64
288
8
92
84
65
109
3
11
16
43
71
48
703
365
4
16
427
271
54
5
522
190
287
21
231
13
261
151
184
295
116
184
85
20
258
103
64
498
87
109
217
264
35
281
113
71
160
173
243
115
116
10
177
222
265
8
235
515
109
427
120
126
1
117
134
122
180
413
63
122
20
154
153
206
75
11
327
4
131
224
274
56
18
83
51
22
23
85
35
35
74
28
33
50
430
86
23
37
225
12
36
50
246
207
193
109
349
621
31
39
38
96
12
124
159
34
152
36
56
453
24
219
340
64
132
20
6
61
4
31
377
46
186
39
83
158
31
8
155
40
99
78
261
61
34
69
28
103
152
56
21
316
2
58
60
43
2
37
154
33
169
377
201
95
597
26
107
106
28
15
223
10
17
250
239
247
172
191
92
30
92
156
131
419
604
44
44
56
167
1
104
2
6
12
181
149
57
94
17
17
83
65
6
248
34
28
69
47
128
77
95
38
84
24
85
51
83
87
105
299
48
30
448
6
68
94
139
56
262
62
113
15
101
54
3
340
174
21
27
216
66
58
26
456
488
287
161
26
167
220
71
28
45
19
17
57
122
23
79
33
408
450
135
19
272
48
9
133
24
15
597
16
14
51
56
349
37
148
190
93
138
430
20
96
20
139
452
496
165
9
37
2
287
100
271
261
8
35
12
591
105
16
162
20
231
630
110
183
100
59
364
53
63
27
98
71
486
143
191
173
83
227
124
16
17
46
217
445
34
508
336
10
34
172
480
78
394
16
2
40
10
53
21
43
1
71
54
37
304
167
62
23
227
26
25
278
239
116
191
186
21
84
414
3
110
11
96
87
38
160
264
19
28
74
78
210
16
72
251
79
22
150
5
12
38
14
56
243
120
72
27
4
101
59
188
334
249
66
93
63
52
68
52
31
63
15
28
84
49
57
85
61
293
135
38
115
29
72
360
174
130
95
220
9
134
19
75
18
26
133
31
198
55
89
29
138
47
30
319
50
28
145
247
17
317
89
188
39
135
11
264
458
9
386
6
168
66
199
489
75
243
21
22
511
390
55
49
31
31
86
25
9
374
360
165
171
9
8
15
125
99
198
60
110
330
218
4
56
22
284
106
108
50
178
56
59
110
11
5
8
36
88
276
110
62
24
114
67
50
29
99
25
10
124
58
62
504
260
7
27
268
7
378
25
7
61
56
2
69
147
140
480
84
187
16
229
120
189
24
21
358
10
11
56
105
377
11
34
5
89
73
123
124
57
122
140
83
115
217
13
92
78
252
56
158
29
176
218
15
53
52
36
118
131
140
84
146
394
61
11
182
6
143
43
588
12
59
16
20
204
199
73
102
168
120
98
91
118
60
52
133
253
137
52
159
290
20
10
85
68
6
52
47
22
93
1
29
44
19
40
476
171
39
46
26
49
167
50
340
164
413
51
252
17
207
329
44
62
246
48
136
155
2
480
20
13
17
13
19
144
483
261
33
142
72
22
430
59
147
165
293
243
335
12
92
262
638
10
36
38
12
185
116
6
129
8
253
328
26
86
265
101
406
156
378
70
46
71
559
166
543
94
56
101
123
115
78
22
68
338
97
17
343
265
11
50
136
163
81
227
255
32
9
298
245
34
113
463
62
11
13
93
325
185
50
188
22
61
5
360
24
97
30
21
337
13
67
127
29
8
76
139
282
511
118
114
242
83
26
177
147
28
12
22
273
50
28
42
15
174
270
54
54
18
442
74
19
34
63
289
19
140
7
27
179
497
30
78
164
73
16
33
134
45
414
100
302
3
406
245
15
133
320
94
118
30
209
106
13
44
31
417
136
499
166
223
307
210
66
27
110
16
180
270
69
685
1
227
300
24
505
29
22
101
25
286
403
92
37
230
66
59
85
32
38
38
9
102
15
101
320
110
75
366
19
5
74
269
12
191
42
144
432
41
73
18
419
61
238
86
26
30
38
209
22
291
18
15
131
6
1
54
26
183
147
679
39
12
193
318
364
18
3
38
34
544
31
28
257
571
9
8
214
80
43
341
21
46
109
381
327
61
77
127
18
88
94
63
23
42
139
37
36
1
31
457
59
64
94
142
374
217
5
26
294
76
232
264
66
157
87
103
183
27
117
52
316
277
102
91
217
36
68
21
205
84
172
80
46
724
31
587
74
92
10
5
132
140
23
70
70
77
38
62
17
1
69
531
185
8
309
16
28
217
590
23
20
213
159
15
13
189
40
101
6
300
62
218
16
24
95
15
279
194
123
262
34
8
108
20
30
4
68
12
157
218
333
27
198
131
242
416
22
317
553
51
18
54
23
625
331
43
109
32
85
18
274
84
46
24
232
62
24
208
99
166
255
211
227
24
190
49
20
5
27
209
33
57
118
76
11
184
107
61
422
50
244
10
285
163
89
145
88
45
25
47
126
293
230
136
65
14
182
5
24
105
4
71
238
54
11
134
188
137
52
25
25
346
227
61
375
390
36
148
2
149
13
327
47
33
59
4
75
105
268
41
275
215
29
25
10
228
38
161
186
45
112
30
425
214
61
130
732
55
122
109
107
21
144
135
55
193
33
6
49
348
85
39
123
18
94
35
113
145
52
27
28
19
2
48
1
61
4
85
307
72
73
396
193
49
150
92
55
39
77
27
41
230
64
73
30
2
344
14
119
124
5
9
234
30
160
175
21
43
54
420
89
67
13
106
210
92
15
184
19
12
38
54
10
69
47
189
4
455
28
77
177
28
340
19
109
113
47
233
70
51
203
166
192
11
41
51
5
34
110
88
15
212
161
54
116
8
23
19
102
76
240
62
24
66
86
47
219
348
59
4
28
48
107
245
91
45
80
41
46
79
58
231
49
402
112
6
14
4
50
61
33
238
434
336
102
31
64
103
188
62
317
24
118
430
9
26
253
276
502
296
124
24
16
66
35
165
100
103
91
16
36
167
28
91
236
172
155
30
1
191
40
34
118
66
301
455
285
32
126
28
9
82
168
521
120
277
311
10
148
9
22
22
266
16
8
10
56
194
496
227
29
69
63
65
171
51
234
297
44
2
24
84
108
21
265
363
120
20
390
26
336
220
414
305
229
159
189
61
132
33
52
548
10
209
115
239
254
230
169
350
69
23
29
99
40
37
18
114
12
81
269
69
240
223
72
181
212
476
211
6
49
53
29
247
44
53
446
112
421
174
316
47
82
253
102
22
81
66
110
87
11
285
147
344
62
276
191
31
18
32
461
56
2
68
180
7
2
108
514
443
143
268
74
24
81
2
182
372
83
9
268
113
190
205
279
32
189
146
9
128
66
193
289
63
94
199
172
75
278
45
196
51
18
260
176
172
36
71
155
217
74
155
25
72
187
363
189
496
102
17
154
103
132
234
348
26
159
39
89
14
660
126
346
26
13
72
6
28
13
242
69
5
269
220
6
125
137
209
81
98
69
208
3
478
87
19
469
52
39
46
2
195
245
119
273
9
12
7
220
80
152
45
32
75
95
394
321
140
766
19
430
2
13
114
184
113
158
222
11
70
49
22
112
185
146
176
211
117
218
19
37
303
14
426
10
7
376
47
11
160
401
339
153
27
84
122
132
343
3
133
120
15
133
174
162
86
26
33
524
103
59
5
36
68
70
232
16
29
94
23
18
7
329
8
45
274
64
349
238
4
108
283
5
143
88
16
134
165
153
74
301
268
19
1
14
69
176
68
95
45
109
32
204
87
84
136
18
32
92
146
20
119
14
254
11
441
13
115
72
20
335
343
136
95
225
83
55
87
120
34
17
588
48
31
80
118
49
598
22
365
7
59
75
4
165
54
69
19
52
229
59
150
55
92
469
124
164
23
57
103
169
11
320
102
19
178
16
151
7
27
252
89
160
249
78
19
512
64
35
37
112
27
314
316
11
91
190
450
37
36
515
25
104
0
10
114
53
63
217
86
94
256
317
28
142
141
56
33
30
18
147
57
66
179
33
36
2
105
84
125
247
234
314
24
9
72
240
249
24
54
189
281
52
85
208
296
52
165
66
31
94
31
338
4
63
156
179
183
77
5
99
28
170
25
26
29
88
52
25
49
226
47
154
184
90
221
218
83
7
448
436
396
1
507
252
8
166
238
46
4
304
69
88
7
356
297
12
12
199
355
87
333
81
42
74
12
36
381
78
79
32
76
20
22
27
36
368
105
41
12
72
74
184
77
567
329
94
461
41
57
351
366
75
271
49
25
3
37
59
22
16
453
541
36
14
4
123
82
9
353
19
51
94
26
133
7
101
270
4
71
37
68
10
45
30
11
87
259
13
12
383
130
60
117
67
114
2
21
5
19
17
38
205
68
263
291
168
465
13
87
58
78
25
178
38
158
69
127
679
61
190
42
57
58
30
36
58
7
2
12
33
36
0
248
123
1
22
175
102
132
86
766
22
169
33
74
1
159
117
58
123
59
190
24
137
60
42
62
291
201
23
96
262
496
2
183
83
33
11
105
25
140
61
3
82
5
83
24
375
51
80
10
20
9
126
193
88
91
113
121
69
331
191
175
62
215
189
86
25
27
84
14
24
58
185
18
216
15
87
117
435
450
27
35
52
2
203
176
42
40
150
42
14
149
222
81
144
462
61
645
443
14
203
58
124
10
194
217
8
33
276
105
112
49
71
114
43
102
144
32
16
11
119
75
253
24
330
59
21
26
188
189
395
95
56
3
242
223
209
8
64
69
223
165
30
23
73
589
26
111
29
100
12
77
127
22
94
135
115
86
197
111
85
11
43
228
231
29
186
109
25
246
87
254
527
119
66
145
217
318
0
130
299
114
284
508
146
64
51
60
288
172
329
7
142
118
31
162
20
268
189
44
162
58
17
256
27
186
32
42
273
33
285
93
159
62
15
50
209
10
26
166
13
240
167
11
34
64
362
182
202
192
93
220
154
13
13
234
30
1
16
171
29
154
591
59
38
102
12
301
141
195
14
99
240
645
6
133
568
18
46
8
16
275
26
31
308
12
135
58
72
30
35
133
19
101
120
20
120
8
421
99
472
73
82
135
70
75
43
648
378
616
52
12
65
164
477
243
239
95
58
313
68
28
286
335
15
29
176
93
224
19
27
142
99
129
73
33
280
4
34
91
77
197
216
101
21
36
648
109
205
7
12
21
66
49
787
289
100
20
84
30
4
44
122
106
12
332
72
121
122
14
221
11
129
102
363
19
385
343
253
302
151
228
48
5
279
323
34
5
158
305
50
104
391
85
133
6
317
43
19
249
38
31
80
31
16
202
10
353
36
312
91
79
683
68
264
21
491
150
12
7
62
164
10
127
50
58
279
294
186
233
299
30
48
517
108
6
431
11
51
263
35
85
21
77
6
64
61
9
356
243
44
120
34
81
206
278
119
104
253
225
93
93
38
263
93
122
125
22
415
84
271
108
12
159
13
101
606
26
177
118
60
40
192
75
24
6
171
101
116
242
15
68
76
58
147
223
169
201
173
502
133
4
9
26
15
3
20
80
732
187
180
147
104
32
565
219
27
617
18
126
566
46
49
167
168
91
27
317
169
2
70
18
95
40
66
152
138
77
114
47
63
184
162
399
23
53
72
53
234
148
5
5
7
111
51
38
108
187
193
202
52
2
30
327
113
44
80
120
150
48
165
46
116
30
48
156
278
126
79
284
66
151
168
64
9
124
97
86
17
68
56
146
241
144
324
21
184
106
143
234
129
169
127
33
183
31
54
28
87
56
237
107
11
262
316
3
45
169
65
10
404
137
105
1
15
107
157
57
305
15
15
389
50
698
212
116
67
62
191
6
88
26
226
88
12
24
430
6
110
50
58
100
262
9
22
158
27
414
141
118
271
10
140
94
51
221
104
65
11
153
163
23
5
42
74
294
147
41
104
102
90
82
188
10
125
38
14
453
242
536
101
38
595
48
31
71
35
53
11
24
202
54
115
52
11
243
20
230
21
3
811
195
244
3
206
14
2
70
48
259
367
118
170
226
22
36
129
24
47
21
47
73
145
24
213
8
44
22
203
46
24
52
246
107
14
146
93
87
113
188
24
166
51
158
87
173
332
218
396
134
522
172
372
57
205
226
328
9
151
327
347
13
15
328
43
127
15
6
3
17
285
91
256
36
39
44
109
326
40
48
236
146
140
5
75
77
4
65
279
231
131
95
120
34
108
286
149
166
354
354
62
72
103
92
276
7
37
28
422
43
50
72
3
46
247
26
5
444
52
99
139
79
280
25
4
7
248
145
70
102
61
139
461
335
343
8
345
50
87
38
278
29
258
53
11
23
22
83
14
183
174
563
472
300
95
25
5
166
5
170
505
109
88
228
97
88
139
87
33
22
54
226
80
340
150
47
168
272
56
99
188
1
5
77
64
185
12
2
10
107
19
31
151
50
21
30
172
41
94
70
91
126
90
117
3
416
298
137
104
144
3
122
297
293
17
30
57
35
43
73
123
169
51
26
52
15
37
19
59
32
213
19
485
89
76
158
194
13
33
169
84
253
106
20
85
32
328
55
40
111
9
47
18
316
41
60
56
23
13
15
22
52
15
549
52
42
30
24
54
248
85
192
65
233
57
109
325
66
295
127
5
38
199
55
17
258
51
120
165
99
23
127
448
116
13
452
129
59
46
37
69
100
38
30
409
156
267
141
250
314
7
82
103
140
383
16
16
76
36
33
373
145
196
74
42
25
124
6
80
34
51
97
53
28
258
228
45
130
36
194
40
10
50
334
40
182
134
87
65
73
68
55
27
65
115
358
115
40
6
65
130
53
3
177
40
16
85
202
50
6
64
35
17
705
4
33
19
55
19
9
233
19
167
22
49
177
203
259
236
103
2
49
178
169
568
90
356
155
523
363
13
28
16
19
21
13
79
60
345
88
114
29
296
17
3
94
143
127
205
176
24
35
52
63
14
601
60
67
147
452
166
110
9
2
225
10
37
10
118
299
52
191
318
135
456
3
13
79
9
170
18
148
117
6
99
43
351
36
379
136
147
45
83
650
288
56
125
2
43
105
433
43
38
43
15
251
16
86
18
101
4
107
18
117
10
338
84
73
246
151
46
41
130
61
60
30
31
189
261
176
106
25
235
408
56
55
495
226
32
60
10
227
225
235
338
134
14
196
187
9
194
133
54
312
358
28
150
46
199
331
20
154
65
56
89
239
254
153
18
33
203
70
24
719
436
129
22
316
150
135
354
47
12
38
7
227
294
80
273
15
69
132
31
123
64
81
180
59
22
205
361
34
5
199
25
24
528
53
112
304
50
297
178
245
19
34
169
177
77
211
540
5
77
132
91
27
93
23
293
32
329
447
67
11
16
312
15
21
16
53
36
137
366
9
114
15
6
81
124
35
7
68
324
262
351
165
45
45
46
123
189
46
40
350
71
17
32
243
3
9
40
46
141
31
196
255
68
84
66
84
82
176
11
290
47
421
440
17
60
35
59
296
56
51
69
213
8
359
165
404
117
112
252
89
10
13
155
160
179
241
271
253
18
43
109
17
22
151
204
43
222
59
306
157
46
374
53
4
492
432
55
2
251
417
5
269
164
73
11
98
10
160
129
35
146
231
9
78
164
341
73
114
411
109
269
47
81
41
119
16
20
195
136
163
12
120
17
525
27
67
276
105
93
8
101
187
37
6
112
55
95
241
32
117
92
268
67
239
24
26
16
4
335
15
133
10
40
159
240
152
145
38
24
39
353
5
217
140
35
128
108
250
316
28
26
351
57
125
6
149
213
33
368
2
1
41
585
119
162
33
30
40
56
57
64
47
234
54
73
128
621
43
103
74
239
673
18
23
103
7
22
53
35
111
170
524
53
5
642
665
7
232
0
126
571
265
99
50
11
52
142
47
191
2
141
105
176
178
56
9
13
60
97
68
226
31
56
201
41
298
195
210
7
120
111
36
84
119
6
94
11
85
474
159
165
104
22
77
362
38
67
43
19
13
226
22
500
29
7
196
146
415
8
427
110
25
390
74
212
322
343
292
189
81
70
286
6
41
37
0
79
139
29
74
84
164
225
74
46
2
26
63
36
83
58
66
179
190
71
201
54
206
31
96
459
635
3
242
27
107
137
5
185
47
70
150
117
472
358
46
140
57
21
518
347
80
12
697
4
1
168
113
170
88
32
284
155
120
30
234
4
124
228
12
164
277
90
76
6
188
201
46
22
26
303
10
7
208
163
65
4
65
300
99
210
138
201
29
69
83
175
71
165
379
115
33
96
221
25
211
29
31
314
99
81
78
247
162
63
128
85
46
3
397
209
3
67
8
409
12
1
198
92
103
173
5
265
473
103
178
165
94
428
25
4
147
16
9
37
133
0
37
493
29
31
15
110
225
71
123
266
109
3
79
158
57
69
71
114
11
26
315
104
237
193
113
200
150
182
99
323
8
16
106
83
118
7
147
18
394
123
74
25
79
43
63
135
127
123
17
237
31
196
29
44
101
166
68
449
16
10
372
72
15
136
60
146
98
129
388
74
242
113
294
43
315
118
49
191
28
26
88
191
34
260
2
77
74
208
148
168
602
177
24
29
34
240
376
52
32
152
2
63
185
280
389
90
449
54
60
36
19
27
122
88
68
269
39
99
368
14
105
39
221
163
23
224
124
69
133
25
109
273
13
287
11
58
414
353
192
243
87
26
84
42
227
51
133
184
24
49
56
5
65
13
52
126
180
398
92
24
268
49
11
179
80
24
23
104
18
97
30
113
21
76
45
66
136
5
31
51
68
42
12
4
14
370
241
7
42
47
502
16
24
149
383
120
59
120
7
113
2
5
175
78
201
67
40
137
59
68
222
126
58
402
247
43
31
161
13
308
117
94
6
71
137
118
285
96
515
250
57
1
105
53
72
36
70
7
263
48
342
19
1
95
17
429
284
118
104
221
328
161
90
82
72
32
76
178
61
86
109
110
145
21
128
175
41
35
615
35
38
54
61
39
25
210
193
39
607
152
190
140
230
111
4
3
5
303
17
11
47
180
31
545
31
344
106
134
24
30
82
39
188
7
43
36
319
40
49
18
393
212
22
13
15
17
336
8
0
99
41
56
40
6
36
75
176
155
192
101
20
10
37
95
6
57
84
73
177
16
159
21
58
75
71
102
33
78
93
18
152
725
53
162
440
27
16
204
28
323
236
170
42
126
16
22
366
290
1
349
381
395
59
113
5
51
70
149
47
69
31
76
133
84
43
449
32
8
76
113
28
22
110
2
136
15
22
61
90
104
48
35
406
276
0
170
7
282
137
69
41
220
127
74
50
92
236
393
88
25
218
0
41
92
2
54
34
51
13
405
255
336
104
82
31
80
439
21
25
121
54
23
95
449
321
92
47
10
144
33
275
365
7
43
283
70
503
47
309
256
27
205
179
156
62
8
292
133
326
33
53
301
138
93
60
123
57
42
9
70
55
47
20
69
83
26
275
53
156
17
222
161
503
66
115
6
323
240
40
23
61
218
278
19
80
15
18
868
96
132
3
1
140
45
112
268
500
214
52
37
244
43
352
388
40
189
7
43
63
361
4
135
135
307
52
12
22
16
45
242
60
119
276
289
9
430
97
40
132
155
35
505
75
394
66
365
84
60
5
1
408
135
290
353
34
19
115
6
35
167
3
87
47
71
54
48
11
114
13
71
73
114
8
0
49
335
10
227
123
69
69
142
38
36
173
97
91
228
27
56
52
131
113
133
47
132
204
51
119
12
86
11
179
586
34
125
16
25
43
29
57
117
47
104
55
56
92
270
206
483
24
107
160
46
145
32
343
32
384
9
183
15
28
32
235
33
267
46
17
75
104
95
102
44
231
213
42
209
90
110
258
25
61
17
240
83
118
36
361
5
32
464
126
131
25
28
5
54
208
32
256
40
175
422
625
9
153
6
81
348
5
35
199
16
151
429
153
203
217
163
271
23
8
6
164
23
41
43
103
113
58
81
31
37
130
91
12
433
128
308
56
152
106
654
273
66
17
240
540
30
92
87
212
151
121
516
204
56
5
71
48
6
226
482
259
94
11
37
25
322
33
95
207
248
148
88
54
40
24
69
3
55
24
24
18
252
67
65
2
129
43
16
104
130
151
113
19
140
227
600
96
171
56
70
13
158
164
400
289
10
228
112
9
31
11
218
93
69
126
56
23
215
195
122
190
10
232
92
153
26
35
36
25
34
17
81
69
44
121
425
41
289
38
260
59
182
33
497
262
36
256
14
76
33
29
120
273
16
205
5
65
36
45
99
123
441
108
311
66
95
30
71
5
358
139
76
67
346
26
448
383
81
179
29
23
29
27
513
241
26
65
134
280
390
310
75
90
307
6
67
345
64
21
33
189
22
91
12
126
45
154
38
61
60
33
23
369
44
156
538
257
21
49
19
119
255
218
11
27
35
22
62
105
249
10
13
124
251
22
83
350
107
89
19
36
139
455
12
30
10
509
51
77
114
20
1
152
181
552
15
405
144
27
25
130
31
31
23
44
537
456
57
300
23
55
51
4
3
184
85
59
145
128
18
53
172
13
73
14
72
54
7
17
29
390
163
12
18
62
119
30
70
287
31
175
125
0
8
65
261
19
179
48
46
50
11
38
84
25
3
4
298
18
74
60
179
369
13
50
22
72
5
656
130
130
173
54
4
44
131
73
306
28
72
102
175
296
190
38
23
254
173
123
636
76
66
328
42
128
300
21
94
54
5
80
25
81
161
31
81
332
21
77
162
66
261
457
28
3
120
57
161
215
96
458
74
43
50
17
203
108
158
238
57
430
47
263
151
266
404
113
70
131
13
89
12
39
476
454
177
64
344
252
30
482
377
191
49
356
26
19
196
202
192
113
73
140
62
197
145
48
168
145
62
161
23
234
26
28
363
294
11
24
165
49
169
251
356
139
9
113
298
138
134
65
276
437
110
67
118
82
37
32
146
76
50
121
197
13
145
87
205
205
362
72
148
71
40
269
159
46
516
329
121
5
10
10
128
362
14
294
266
5
59
62
2
6
108
17
53
128
169
90
55
9
35
634
9
344
102
33
297
3
333
6
6
75
34
75
282
32
88
263
427
6
97
16
51
148
116
7
183
17
66
173
17
52
9
506
286
56
69
17
2
50
20
61
68
109
89
55
47
25
18
134
112
79
176
90
34
71
220
28
112
69
155
552
5
9
103
100
172
94
88
9
34
80
32
125
78
412
59
489
37
64
337
7
74
41
289
373
15
421
157
161
258
427
58
20
32
155
112
60
39
46
529
12
40
65
80
130
20
175
177
209
75
164
23
91
11
419
108
85
22
164
446
268
174
20
93
15
63
29
82
252
37
29
30
295
105
94
295
18
154
315
266
124
78
179
136
272
1
122
6
139
78
191
133
548
48
8
82
58
5
82
44
0
16
15
294
211
17
65
109
8
133
104
28
252
102
59
44
38
126
33
184
40
139
128
88
591
95
162
195
232
346
104
87
497
30
48
222
62
445
38
112
35
145
49
70
292
99
3
8
326
22
33
294
61
82
138
63
24
110
53
175
222
12
16
283
163
96
11
77
21
53
4
50
9
72
39
204
80
89
42
445
334
13
117
174
21
182
56
185
204
8
384
658
141
213
5
438
13
233
193
19
55
165
0
108
77
23
80
107
77
81
26
16
132
212
29
19
45
351
10
81
7
66
327
57
282
91
17
100
14
39
93
72
343
8
521
37
31
385
105
246
45
318
75
33
99
105
195
85
55
10
106
88
15
91
15
62
89
503
91
135
11
468
12
110
344
480
313
9
255
65
152
15
55
4
29
68
36
156
99
72
64
485
71
10
437
334
556
23
21
43
18
14
39
270
23
186
260
75
108
177
304
231
14
59
116
52
177
274
193
101
185
103
123
0
34
58
52
69
27
25
365
32
185
354
362
14
17
3
121
15
182
562
4
33
0
118
97
15
86
178
67
510
15
40
419
26
82
123
152
10
63
178
75
15
39
330
157
263
95
467
31
8
37
203
136
60
499
16
35
50
243
41
132
190
18
120
100
0
291
60
49
33
41
12
462
34
121
92
97
44
114
70
22
11
185
238
146
3
208
9
164
28
24
30
38
138
334
291
348
257
157
47
83
78
57
157
114
39
64
20
1
2
96
32
3
5
81
250
35
90
58
64
46
450
47
142
98
27
289
12
189
13
250
106
353
326
154
74
214
422
186
29
93
271
100
7
108
83
313
7
41
30
222
467
69
53
75
287
6
19
6
17
99
242
134
50
320
45
31
7
93
125
60
133
5
86
40
61
30
204
66
51
29
64
42
220
13
54
129
498
144
115
98
152
65
64
201
67
202
1
2
61
42
28
6
31
9
88
35
220
190
240
139
117
114
90
65
33
156
174
94
18
196
42
24
0
7
262
88
37
14
48
112
293
68
283
257
12
92
190
175
25
286
83
33
310
76
187
13
152
215
140
75
87
133
258
37
40
25
6
19
10
25
32
253
197
131
74
63
323
77
114
6
29
84
56
225
68
221
21
21
37
79
309
169
16
134
396
53
249
3
632
57
9
12
132
17
18
59
168
21
374
98
79
156
4
24
44
121
35
409
226
162
395
42
157
17
79
153
239
188
167
227
102
120
88
24
1
192
45
86
26
238
55
26
372
104
249
486
18
128
63
299
42
292
188
60
18
75
133
82
24
277
47
257
148
518
39
157
0
38
215
364
53
25
3
12
288
61
156
67
42
9
93
237
37
203
135
149
82
651
167
94
0
125
11
476
15
281
103
74
39
83
33
152
9
50
18
16
213
130
157
22
9
19
229
308
61
550
218
271
63
367
45
23
3
16
88
19
14
16
172
171
68
6
58
305
140
98
18
76
55
10
148
33
186
6
425
176
97
67
157
178
34
66
59
339
13
249
20
234
39
15
426
29
18
141
213
21
49
45
197
18
283
30
204
83
5
29
13
17
34
71
71
99
45
5
57
173
24
373
154
233
3
93
366
55
66
81
61
10
126
18
103
32
28
28
72
2
18
29
621
4
33
191
375
171
49
34
171
95
64
195
78
44
28
41
8
27
138
66
5
284
37
135
95
19
227
20
213
109
45
70
85
65
10
136
300
15
163
25
35
402
60
326
162
105
13
85
374
225
1
224
45
54
266
38
130
91
214
307
3
133
170
166
98
276
32
59
65
290
80
201
161
48
13
50
15
39
83
234
20
185
17
116
104
107
418
490
212
17
298
96
73
287
261
423
6
133
85
76
2
63
69
264
132
517
184
173
6
19
50
32
64
2
15
56
723
23
26
396
32
58
444
21
212
237
612
6
190
363
83
7
121
26
192
122
116
361
558
9
83
7
33
34
7
31
320
130
224
36
54
164
71
110
35
100
103
48
119
10
157
31
106
54
91
27
82
19
147
118
177
32
87
133
66
10
152
10
194
301
204
295
60
33
455
129
96
457
9
19
4
108
55
39
14
289
94
82
223
219
17
416
17
31
260
17
161
64
214
51
22
36
343
199
147
164
61
381
280
10
167
2
84
705
137
89
8
210
41
24
161
169
21
7
27
185
248
81
239
42
131
345
77
133
51
25
38
11
12
197
224
136
252
39
4
559
56
20
156
78
108
103
237
24
105
24
7
363
11
116
168
170
39
172
82
117
4
9
32
537
33
16
156
59
28
16
18
170
267
114
70
22
255
465
5
243
287
139
21
40
86
404
163
343
169
175
57
0
244
141
45
453
63
12
40
43
434
45
34
30
365
41
87
9
50
185
335
195
40
6
17
14
139
452
127
86
17
268
25
154
120
176
224
618
10
79
17
57
475
13
395
115
78
37
210
20
40
239
51
24
18
544
186
34
51
56
161
325
40
30
51
173
234
22
95
418
473
39
20
67
2
33
69
69
49
7
39
44
255
177
263
34
31
44
62
12
294
10
11
82
37
147
37
71
188
379
92
52
416
291
64
33
58
178
72
116
21
140
57
5
227
21
6
25
117
238
150
80
140
23
447
113
172
51
187
576
209
51
52
1
401
353
116
51
93
189
77
135
1
105
45
141
151
18
440
61
66
24
208
190
354
34
3
181
148
71
27
51
163
213
34
6
40
0
232
259
188
167
44
149
148
339
168
210
45
37
34
70
49
9
131
35
50
202
243
74
172
216
12
65
57
61
190
48
93
228
71
77
121
177
47
159
379
225
100
85
209
80
241
239
222
193
46
5
11
437
21
7
22
7
76
97
91
21
109
44
248
18
74
27
51
37
23
132
417
44
76
116
180
437
111
182
259
14
139
130
332
159
47
202
17
199
70
31
9
176
5
133
186
382
28
85
394
46
64
5
230
75
5
361
129
507
99
80
18
100
86
27
438
243
65
111
299
16
28
140
22
62
20
41
329
297
375
169
241
162
125
40
77
56
4
57
68
238
35
108
28
204
89
495
817
144
103
451
88
285
191
49
92
608
366
91
0
25
36
5
35
5
45
194
38
5
28
141
35
75
145
149
66
148
151
344
17
178
55
447
79
534
26
8
17
582
16
14
54
405
28
29
52
20
24
16
254
25
3
376
312
82
15
17
142
97
56
11
52
379
97
557
104
389
20
484
138
12
294
256
249
30
262
4
186
62
413
615
26
14
9
9
365
126
144
54
172
39
30
345
125
130
34
52
116
212
48
215
10
111
4
56
261
27
490
142
73
191
105
13
82
318
23
33
143
205
99
26
17
532
299
7
19
42
29
11
13
56
6
169
83
201
664
297
170
205
300
150
7
153
346
20
80
52
25
669
133
241
327
34
57
125
149
57
117
32
7
25
80
0
14
85
59
139
86
27
279
54
244
81
154
111
4
198
384
14
94
10
70
306
148
64
16
455
172
91
131
11
15
5
122
22
310
69
153
14
230
207
137
403
101
445
51
190
77
198
5
219
83
169
295
148
102
299
202
169
165
223
152
14
56
171
25
63
113
330
27
192
12
4
102
114
413
89
14
349
9
204
4
49
63
286
133
62
153
442
9
24
35
40
87
206
25
380
219
89
95
22
12
76
151
37
24
1
198
14
50
708
71
119
558
208
195
17
112
11
13
506
285
21
16
207
325
387
46
342
101
108
50
77
65
297
267
116
31
241
396
192
239
41
46
12
142
27
134
5
262
16
145
27
51
6
36
11
300
127
49
38
92
123
105
42
108
220
215
22
44
414
120
16
147
14
283
164
273
19
43
22
23
25
161
12
23
73
140
54
160
137
44
7
186
18
29
13
309
145
13
108
94
165
2
3
17
40
74
177
55
41
6
76
31
247
51
120
20
125
30
189
69
24
24
10
297
167
52
119
58
21
49
45
316
5
488
331
114
13
173
120
31
75
24
334
99
279
91
40
105
195
27
275
267
152
29
21
17
251
134
14
25
8
270
9
104
158
102
60
23
615
268
142
17
179
71
88
359
254
501
47
84
167
13
575
28
142
659
75
1
57
12
63
27
45
45
29
72
23
119
76
35
110
173
23
52
156
170
61
28
88
21
97
92
119
1
46
3
94
220
491
28
29
24
116
410
11
295
270
23
8
324
550
14
347
264
27
8
157
22
126
445
68
17
176
26
457
140
44
29
5
16
53
233
82
152
66
81
142
28
46
92
249
90
40
77
174
213
177
71
360
290
14
329
42
10
240
46
12
304
7
28
69
69
49
9
16
240
24
39
4
21
16
423
65
153
228
14
140
160
105
317
111
116
189
288
13
149
78
150
82
24
81
122
101
182
13
39
37
116
240
170
5
151
79
143
73
111
137
164
33
84
71
402
314
21
234
9
7
5
33
117
63
201
654
31
0
223
80
13
157
199
13
59
214
25
17
24
37
269
10
158
83
4
278
47
55
15
564
38
62
63
294
4
43
217
51
79
156
65
51
202
329
34
108
10
153
8
2
91
233
448
345
45
69
154
116
32
39
13
89
61
8
87
408
82
53
25
277
72
120
17
114
90
134
334
438
20
84
286
352
148
36
127
166
52
25
21
67
17
113
497
459
14
86
20
313
182
12
51
23
74
289
609
59
5
508
51
31
17
122
124
287
79
15
19
24
282
79
149
47
338
6
277
5
43
559
141
120
346
96
136
13
166
538
63
40
94
110
28
227
14
63
71
74
2
23
85
63
43
184
41
62
81
233
20
26
62
233
49
51
121
361
62
401
61
318
508
246
83
75
58
160
270
44
52
15
45
8
195
16
8
343
114
39
0
327
15
9
71
304
198
35
155
409
283
46
58
20
42
38
161
51
125
8
313
127
47
8
599
37
34
144
15
4
163
123
55
386
41
13
53
182
294
77
681
469
211
208
5
18
161
74
41
7
112
322
119
56
253
88
97
118
202
344
367
339
44
326
9
180
204
52
187
48
251
221
419
99
37
39
116
38
39
18
8
58
17
48
8
77
92
217
102
31
488
398
108
242
20
440
35
373
214
82
31
50
24
216
208
6
31
18
11
16
169
58
69
122
225
94
78
96
346
31
15
264
306
13
18
7
171
45
35
335
379
191
151
46
48
14
5
128
258
90
27
9
16
3
125
134
135
139
143
206
8
38
50
65
15
125
208
76
73
44
366
273
3
64
23
36
6
115
230
40
188
293
190
25
19
28
56
145
58
13
106
16
29
345
16
181
72
20
97
3
276
72
145
93
1
165
11
365
20
21
30
357
61
51
208
156
27
2
263
35
2
55
164
71
139
212
14
74
220
100
116
38
55
213
52
5
95
493
13
320
69
302
172
114
7
71
358
361
71
216
95
57
22
207
140
63
97
15
32
285
95
474
42
24
387
42
116
106
6
163
31
101
197
295
18
22
43
219
184
80
105
618
206
87
48
192
44
20
0
36
59
13
25
189
193
147
133
66
276
85
1
89
378
19
41
195
293
103
34
14
345
75
139
166
43
11
11
249
115
0
273
511
145
0
310
38
558
74
289
403
144
6
21
10
69
153
12
99
205
169
13
5
46
52
534
50
71
303
18
362
86
271
274
100
600
56
453
5
121
27
348
13
250
179
154
42
184
296
283
30
432
392
102
130
28
18
4
21
105
20
92
172
797
289
283
124
82
8
289
99
262
46
374
249
77
24
27
101
153
262
158
197
42
201
7
10
115
21
106
69
32
94
11
91
373
223
4
60
107
33
329
106
258
123
14
14
355
26
161
89
388
386
205
9
94
165
154
84
111
31
118
199
258
48
276
24
31
66
13
37
138
430
42
405
53
174
33
189
222
228
70
17
98
27
38
155
59
35
28
134
40
10
17
228
149
24
331
125
260
89
37
63
266
21
157
58
73
92
9
238
15
33
84
297
171
44
64
170
285
12
8
16
84
267
38
353
260
49
113
6
50
66
360
134
88
34
50
62
211
238
185
125
113
358
82
75
312
68
57
159
166
61
19
651
319
396
173
63
96
478
106
120
72
115
10
126
31
197
220
43
308
21
162
21
388
8
93
89
201
3
240
11
12
87
192
11
140
46
88
79
24
105
39
78
55
46
226
93
8
7
18
37
149
12
355
24
462
55
9
100
4
29
84
12
67
217
47
9
47
162
13
101
314
24
47
26
313
61
54
79
14
594
5
87
43
5
47
19
50
2
154
6
67
84
48
72
59
158
71
156
221
212
117
59
471
268
88
18
32
117
42
134
109
173
38
39
3
89
46
120
24
32
1
102
340
263
106
235
38
225
17
36
67
180
419
376
201
92
246
383
59
49
80
10
493
178
263
77
46
7
8
129
75
235
258
27
450
159
182
111
255
194
2
69
148
18
377
463
52
148
48
395
125
222
8
172
168
153
617
102
33
145
28
16
44
455
205
5
89
58
127
12
31
118
8
106
105
42
130
278
10
147
214
240
91
16
75
215
99
86
119
397
80
150
151
30
42
37
126
131
413
77
41
15
264
230
42
70
38
54
11
46
108
91
236
27
11
82
41
86
36
35
200
23
59
247
376
301
82
17
225
12
58
104
386
7
20
91
83
20
78
74
32
12
3
317
567
37
83
222
20
135
58
926
84
261
85
269
74
145
404
155
92
174
28
22
3
26
66
423
348
45
117
33
186
159
65
4
354
353
537
239
218
6
702
32
1
113
119
172
9
128
105
143
30
75
3
34
42
13
106
200
164
166
117
43
5
32
330
6
250
16
8
109
15
1
11
79
3
292
110
284
57
86
46
107
64
405
100
6
36
263
32
17
21
126
52
6
70
288
406
242
231
20
14
117
484
91
16
147
217
394
44
45
241
49
365
293
164
224
182
24
22
287
53
152
14
17
99
267
84
102
334
264
4
144
10
135
6
419
11
278
58
123
341
28
10
75
35
178
17
228
10
140
42
269
50
20
88
359
357
355
24
74
32
190
26
76
406
60
119
283
308
40
45
54
251
48
439
63
132
133
27
110
168
484
310
7
49
133
24
24
122
281
113
39
55
44
7
127
137
101
24
229
54
105
34
34
211
35
139
5
110
10
72
157
397
262
42
22
71
328
172
35
92
491
57
75
111
185
115
266
35
59
98
11
14
234
55
140
39
181
410
205
182
73
76
35
143
76
240
29
6
289
60
424
55
58
62
25
177
17
495
110
200
138
14
81
463
25
55
26
23
190
5
33
40
220
22
172
96
542
114
111
229
169
105
2
592
111
27
25
229
62
378
283
192
259
192
7
255
6
336
304
30
620
206
131
192
57
101
163
74
19
367
315
407
126
212
208
60
47
147
3
311
328
79
284
168
63
68
12
56
61
273
496
3
331
78
152
55
187
165
102
118
36
13
303
247
56
289
77
18
34
4
39
89
17
46
23
47
256
131
41
16
102
169
10
78
36
56
54
139
221
536
65
35
34
4
42
17
17
98
105
110
17
1
368
170
67
73
35
17
100
10
52
64
27
308
163
409
214
98
88
275
60
35
76
31
17
21
88
5
35
199
135
209
32
18
243
18
27
169
54
97
12
9
8
55
84
123
16
160
5
251
14
178
227
160
15
44
484
132
20
10
183
24
93
24
50
20
189
250
1
54
58
15
54
36
10
21
20
27
25
50
20
5
105
114
9
73
131
112
102
90
256
15
54
9
161
191
22
27
123
457
396
24
91
83
5
160
8
77
278
67
83
72
94
5
13
102
206
6
203
351
180
15
86
17
202
9
345
315
434
334
10
206
56
26
60
3
59
71
68
52
15
115
202
137
208
62
93
234
53
92
37
21
106
331
106
10
98
34
57
54
132
334
23
28
323
141
67
31
69
308
116
50
47
8
13
313
97
254
